# Wed 02:40:25 26-Oct-2016
begin	identify REF_ID_01.0001 - Ap 1
	id	REF_ID_01.0001
	task	identify
	image	REF_ID_01.0001 - Ap 1
	aperture	1
	aplow	683.53
	aphigh	697.53
	units	Angstroms
	features	41
	       1390.49 3888.67441   3888.646   4.0 1 1 HeI
	       1703.19 4471.30947   4471.477   4.0 1 1 HeI
	       1828.90 4713.17284   4713.143   4.0 1 1 HeI
	       1935.94  4921.8631   4921.929   4.0 1 1 HeI
	       1983.81 5015.89806   5015.675   4.0 1 1 HeI
	       2403.04 5852.64196  5852.4878   4.0 1 1 NeI(6)
	       2414.43 5875.64943   5875.618   4.0 1 1 HeI
	       2448.75  5945.0243  5944.8342   4.0 1 1 NeI(1)
	       2512.63 6074.39709  6074.3377   4.0 1 1 NeI(3)
	       2523.27 6095.98962   6096.163   4.0 1 1 NeI
	       2546.38 6142.90646  6143.0623   4.0 1 1 NeI(1)
	       2556.67 6163.79324  6163.5939   4.0 1 1 NeI(5)
	       2582.93 6217.17487  6217.2813   4.0 1 1 NeI(1)
	       2625.95 6304.69782  6304.7892   4.0 1 1 NeI
	       2640.50 6334.32825  6334.4279   4.0 1 1 NeI(1)
	       2664.30 6382.82849  6382.9914   4.0 1 1 NeI(3)
	       2673.82 6402.24815   6402.246   4.0 1 1 NeI(1)
	       2724.92 6506.51882  6506.5279   4.0 1 1 NeI(3)
	       2737.80 6532.82161  6532.8824   4.0 1 1 NeI
	       2770.10 6598.82633  6598.9529   4.0 1 1 NeI(1)
	       2808.90 6678.18313     6678.2   4.0 1 1 blend HeI 6678.149 with NeI 6678.2764
	       2827.89 6717.04773  6717.0428   4.0 1 1 NeI
	       2931.60 6929.53544   6929.468   4.0 1 1 NeI(6)
	       2949.14 6965.51255    6965.43   4.0 1 1 AI(1)
	       2981.76 7032.42237  7032.4127   4.0 1 1 NeI(1)
	       3050.71 7173.95507   7173.939   4.0 1 1 NeI(6)
	       3085.38 7245.15071   7245.167   4.0 1 1 NeI(3)
	       3153.04 7384.11214    7383.98   4.0 1 1 AI
	       3179.69 7438.86453   7438.899   4.0 1 1 NeI
	       3216.64 7514.76251   7514.651   4.0 1 1 AI
	       3275.25 7635.14979   7635.105   4.0 1 1 AI(1)
	       3427.76 7948.28638   7948.175   4.0 1 1 AI(6)
	       3509.09 8115.14949   8115.311   4.0 1 1 AI(1)
	       3581.97 8264.57245   8264.521   4.0 1 1 AI(8)
	       3637.07 8377.44225   8377.607   4.0 1 1 NeI(12)
	       3660.17 8424.72881   8424.647   4.0 1 1 AI(3)
	       3694.66 8495.31797    8495.36   4.0 1 1 NeI(18)
	       3707.43 8521.44058   8521.441   4.0 1 1 AI(8)
	       3779.08 8667.93178   8667.943   4.0 1 1 AI(6)
	       4002.34 9123.03574   9122.966   4.0 1 1 AI(1)
	       4052.25 9224.46364   9224.498   4.0 1 1 AI(8)
	function spline3
	order 4
	sample *
	naverage 1
	niterate 0
	low_reject 3.
	high_reject 3.
	grow 0.
	coefficients	11
		3.
		4.
		1.
		4224.
		0.
		285.1220188115787
		536.5308368323135
		874.519498452992
		1235.858385389934
		1597.410524369638
		1946.864256479762

