# Sat 11:10:33 29-Oct-2016
begin	identify arc_00.0001 - Ap 1
	id	arc_00.0001
	task	identify
	image	arc_00.0001 - Ap 1
	aperture	1
	aplow	601.02
	aphigh	615.02
	units	Angstroms
	features	21
	         11.04 11.0429659  6871.2891   4.0 1 1 ArI    150
	        174.00  173.99559  6752.8335   4.0 1 1 ArI    150
	        277.63 277.630188   6677.282   4.0 1 1 ArI    100
	        376.53 376.528778   6604.853   4.0 1 1 ArI     15
	        437.35 437.350494   6538.112   4.0 1 1 ArI     15
	        633.08 633.075073  6416.3071   4.0 1 1 ArI     70
	        676.00 675.998718  6384.7168   4.0 1 1 ArI     20
	        780.23  780.22937   6307.657   4.0 1 1 ArI     15
	        905.40 905.396118   6212.503   4.0 1 1 ArI     10
	        962.53 962.527588  6172.2778   4.0 1 1 ArI     10
	        999.40 999.403564   6145.441   4.0 1 1 ArI     10
	       1053.47 1053.46875   6105.635   4.0 1 1 ArI     10
	       1152.30 1152.30005  6032.1274   4.0 1 1 ArI     70
	       1314.05 1314.05261  5912.0854   4.0 1 1 ArI     50
	       1346.04 1346.03906   5888.584   4.0 1 1 ArI     25
	       1418.90 1418.89636   5834.263   4.0 1 1 ArI      5
	       1546.84 1546.83887   5739.519   4.0 1 1 ArI     10
	       1666.76 1666.76453  5650.7036   4.0 1 1 ArI     20
	       1726.18 1726.17761  5606.7329   4.0 1 1 ArI     35
	       1790.95 1790.94714  5558.7021   4.0 1 1 ArI     25
	       1876.16 1876.16199   5495.874   4.0 1 1 ArI     25

# Sat 11:25:47 29-Oct-2016
begin	identify arc_00.0001 - Ap 1
	id	arc_00.0001
	task	identify
	image	arc_00.0001 - Ap 1
	aperture	1
	aplow	601.02
	aphigh	615.02
	units	Angstroms
	features	37
	         11.04 11.0429659  6871.2891   4.0 1 1 ArI    150
	        174.00  173.99559  6752.8335   4.0 1 1 ArI    150
	        277.63 277.630188   6677.282   4.0 1 1 ArI    100
	        376.53 376.528778   6604.853   4.0 1 1 ArI     15
	        437.35 437.350494   6538.112   4.0 1 1 ArI     15
	        633.08 633.075073  6416.3071   4.0 1 1 ArI     70
	        676.00 675.998718  6384.7168   4.0 1 1 ArI     20
	        780.23  780.22937   6307.657   4.0 1 1 ArI     15
	        905.40 905.396118   6212.503   4.0 1 1 ArI     10
	        962.53 962.527588  6172.2778   4.0 1 1 ArI     10
	        999.40 999.403564   6145.441   4.0 1 1 ArI     10
	       1053.47 1053.46875   6105.635   4.0 1 1 ArI     10
	       1152.30 1152.30005  6032.1274   4.0 1 1 ArI     70
	       1314.05 1314.05261  5912.0854   4.0 1 1 ArI     50
	       1346.04 1346.03906   5888.584   4.0 1 1 ArI     25
	       1418.90 1418.89636   5834.263   4.0 1 1 ArI      5
	       1546.84 1546.83887   5739.519   4.0 1 1 ArI     10
	       1666.76 1666.76453  5650.7036   4.0 1 1 ArI     20
	       1726.18 1726.17761  5606.7329   4.0 1 1 ArI     35
	       1790.95 1790.94714  5558.7021   4.0 1 1 ArI     25
	       1876.16 1876.16199   5495.874   4.0 1 1 ArI     25
	       2206.08 2206.08374  5252.7881   4.0 1 1 ArI      3
	       2249.84 2249.83618   5221.271   4.0 1 1 ArI      7
	       2295.82 2295.81836  5187.7461   4.0 1 1 ArI     20
	       2328.19 2328.19287  5162.2847   4.0 1 1 ArI     15
	       2345.81 2345.80933   5151.391   4.0 1 1 ArI      5
	       2970.89 2970.88989   4702.316   4.0 1 1 ArI     15
	       3075.72  3075.7168   4628.441   4.0 1 1 ArI      7
	       3121.71 3121.70703   4596.097   4.0 1 1 ArI     15
	       3244.16 3244.15845   4510.733   4.0 1 1 ArI    100
	       3484.96  3484.9585   4345.168   4.0 1 1 ArI     25
	       3501.39 3501.39233   4333.561   4.0 1 1 ArI    150
	       3551.17 3551.17285  4300.1011   4.0 1 1 ArI    100
	       3592.64 3592.63818   4272.169   4.0 1 1 ArI    150
	       3698.99 3698.98975  4200.6743   4.0 1 1 ArI    400
	       3761.91 3761.91309  4158.5903   4.0 1 1 ArI    400
	       3934.98 3934.97729  4044.4182   4.0 1 1 ArI     50

# Sat 11:27:24 29-Oct-2016
begin	identify arc_00.0001 - Ap 1
	id	arc_00.0001
	task	identify
	image	arc_00.0001 - Ap 1
	aperture	1
	aplow	601.02
	aphigh	615.02
	units	Angstroms
	features	29
	         11.04 6871.26774  6871.2891   4.0 1 1 ArI    150
	        174.00 6752.87713  6752.8335   4.0 1 1 ArI    150
	        277.63 6677.26074   6677.282   4.0 1 1 ArI    100
	        376.53 6604.88168   6604.853   4.0 1 1 ArI     15
	        633.08 6416.29383  6416.3071   4.0 1 1 ArI     70
	        676.00  6384.6433  6384.7168   4.0 1 1 ArI     20
	        780.23 6307.68183   6307.657   4.0 1 1 ArI     15
	        999.40 6145.48027   6145.441   4.0 1 1 ArI     10
	       1152.30  6032.1183  6032.1274   4.0 1 1 ArI     70
	       1314.05 5912.11461  5912.0854   4.0 1 1 ArI     50
	       1418.90 5834.32823   5834.263   4.0 1 1 ArI      5
	       1546.84 5739.46158   5739.519   4.0 1 1 ArI     10
	       1666.76 5650.63324  5650.7036   4.0 1 1 ArI     20
	       1726.18 5606.66494  5606.7329   4.0 1 1 ArI     35
	       1790.95 5558.78033  5558.7021   4.0 1 1 ArI     25
	       1876.16 5495.86253   5495.874   4.0 1 1 ArI     25
	       2249.84 5221.35458   5221.271   4.0 1 1 ArI      7
	       2295.82 5187.77777  5187.7461   4.0 1 1 ArI     20
	       2345.81 5151.33251   5151.391   4.0 1 1 ArI      5
	       2970.89 4702.24195   4702.316   4.0 1 1 ArI     15
	       3075.72 4628.39459   4628.441   4.0 1 1 ArI      7
	       3121.71  4596.1539   4596.097   4.0 1 1 ArI     15
	       3244.16 4510.80053   4510.733   4.0 1 1 ArI    100
	       3484.96 4345.16099   4345.168   4.0 1 1 ArI     25
	       3551.17 4300.16389  4300.1011   4.0 1 1 ArI    100
	       3592.64  4272.1065   4272.169   4.0 1 1 ArI    150
	       3698.99 4200.61006  4200.6743   4.0 1 1 ArI    400
	       3761.91 4158.62866  4158.5903   4.0 1 1 ArI    400
	       3934.98 4044.42668  4044.4182   4.0 1 1 ArI     50
	function spline3
	order 4
	sample *
	naverage 1
	niterate 0
	low_reject 3.
	high_reject 3.
	grow 0.
	coefficients	11
		3.
		4.
		1.
		4064.
		1267.472729084515
		1147.194381440227
		1022.289257393036
		896.2718493600474
		773.3238217585177
		658.1312223522028
		554.7127373934209

# Sat 12:23:12 29-Oct-2016
begin	identify arc_00.0001 - Ap 1
	id	arc_00.0001
	task	identify
	image	arc_00.0001 - Ap 1
	aperture	1
	aplow	601.02
	aphigh	615.02
	units	Angstroms
	features	38
	         11.04 6871.27103  6871.2891   4.0 1 1 ArI    150
	        174.00 6752.88665  6752.8335   4.0 1 1 ArI    150
	        277.60 6677.29329   6677.282   4.0 1 1 ArI    100
	        376.59 6604.84254   6604.853   4.0 1 1 ArI     15
	        467.66 6538.02737   6538.112   4.0 1 1 ArI     15
	        633.08 6416.29257  6416.3071   4.0 1 1 ArI     70
	        675.94 6384.68191  6384.7168   4.0 1 1 ArI     20
	        780.23 6307.67421   6307.657   4.0 1 1 ArI     15
	        794.77 6296.92897   6296.872   4.0 1 1 ArI      7
	        908.76 6212.59703   6212.503   4.0 1 1 ArI     10
	        999.41 6145.45787   6145.441   4.0 1 1 ArI     10
	       1115.62  6059.3127   6059.372   4.0 1 1 ArI     20
	       1137.30 6043.23338   6043.223   4.0 1 1 ArI     35
	       1152.29 6032.10955  6032.1274   4.0 1 1 ArI     70
	       1314.07 5912.09062  5912.0854   4.0 1 1 ArI     50
	       1353.74  5882.6562   5882.624   4.0 1 1 ArI     15
	       1383.92 5860.26943  5860.3149   4.0 1 1 ArI     10
	       1418.90 5834.32179   5834.263   4.0 1 1 ArI      5
	       1546.84 5739.46048   5739.519   4.0 1 1 ArI     10
	       1666.76 5650.63733  5650.7036   4.0 1 1 ArI     20
	       1726.18 5606.67149  5606.7329   4.0 1 1 ArI     35
	       1790.98 5558.76559  5558.7021   4.0 1 1 ArI     25
	       1876.16 5495.87437   5495.874   4.0 1 1 ArI     25
	       2249.86 5221.35617   5221.271   4.0 1 1 ArI      7
	       2295.82 5187.79088  5187.7461   4.0 1 1 ArI     20
	       2345.81 5151.34498   5151.391   4.0 1 1 ArI      5
	       2970.89 4702.23689   4702.316   4.0 1 1 ArI     15
	       3075.72 4628.39109   4628.441   4.0 1 1 ArI      7
	       3121.71 4596.14605   4596.097   4.0 1 1 ArI     15
	       3244.16 4510.79603   4510.733   4.0 1 1 ArI    100
	       3484.96 4345.16042   4345.168   4.0 1 1 ArI     25
	       3551.17 4300.16247  4300.1011   4.0 1 1 ArI    100
	       3592.64 4272.10868   4272.169   4.0 1 1 ArI    150
	       3601.28 4266.27716   4266.286   4.0 1 1 ArI    100
	       3611.50 4259.38198   4259.362   4.0 1 1 ArI    200
	       3698.99 4200.61149  4200.6743   4.0 1 1 ArI    400
	       3761.91 4158.62754  4158.5903   4.0 1 1 ArI    400
	       3934.98  4044.4236  4044.4182   4.0 1 1 ArI     50
	function spline3
	order 4
	sample *
	naverage 1
	niterate 0
	low_reject 3.
	high_reject 3.
	grow 0.
	coefficients	11
		3.
		4.
		1.
		4064.
		1267.442368406104
		1147.204576077227
		1022.281471914469
		896.2786704161903
		773.3192996109029
		658.1367925380773
		554.6850321879391

