# Thu 01:31:33 27-Oct-2016
begin	identify arc_00.0001 - Ap 1
	id	arc_00.0001
	task	identify
	image	arc_00.0001 - Ap 1
	aperture	1
	aplow	409.68
	aphigh	423.68
	units	Angstroms
	features	21
	        224.84 224.843445   6717.043   4.0 1 1 NeI     700
	        277.87 277.869659  6678.2766   4.0 1 1 NeI    5000
	        386.32 386.317139  6598.9528   4.0 1 1 NeI   10000
	        512.25 512.248657  6506.5277   4.0 1 1 NeI   15000
	        653.82 653.820312  6382.9914   4.0 1 1 NeI   10000
	        837.65 837.646851  6266.4952   4.0 1 1 NeI   10000
	       1004.37 1004.36981  6143.0627   4.0 1 1 NeI   10000
	       1156.87 1156.87146  6029.9968   4.0 1 1 NeI   10000
	       1230.31 1230.31128  5975.5343   4.0 1 1 NeI    6000
	       1356.52 1356.51709   5881.895   4.0 1 1 NeI   10000
	       1396.12 1396.12109  5852.4878   4.0 1 1 NeI   20000
	       1479.51 1479.51013    5790.67   4.0 1 1 HgI     900
	       1507.88  1507.8783    5769.61   4.0 1 1 HgI    1000
	       1925.94 1925.93591    5460.75   4.0 1 1 HgI    6000
	       2139.32 2139.32349    5290.74   4.0 1 1 HgI      30
	       2672.80 2672.79687   4916.068   4.0 1 1 HgI      20
	       3467.44 3467.44043   4358.335   4.0 1 1 HgI   12000
	       3483.33 3483.32861  4347.4945   4.0 1 1 HgI     150
	       3495.40 3495.39722  4339.2232   4.0 1 1 HgI      50
	       3886.12 3886.12012   4077.837   4.0 1 1 HgI    1000
	       3933.84 3933.83545   4046.565   4.0 1 1 HgI   12000

# Thu 01:32:46 27-Oct-2016
begin	identify arc_00.0001 - Ap 1
	id	arc_00.0001
	task	identify
	image	arc_00.0001 - Ap 1
	aperture	1
	aplow	409.68
	aphigh	423.68
	units	Angstroms
	features	28
	        224.84 6717.00323   6717.043   4.0 1 1 NeI     700
	        277.87 6678.30756  6678.2766   4.0 1 1 NeI    5000
	        386.32  6598.9669  6598.9528   4.0 1 1 NeI   10000
	        476.37 6532.89583  6532.8824   4.0 1 1 NeI    1000
	        512.25 6506.52947  6506.5277   4.0 1 1 NeI   15000
	        653.82 6402.27441   6402.248   4.0 1 1 NeI   20000
	        679.95 6382.99613  6382.9914   4.0 1 1 NeI   10000
	        745.72 6334.44221  6334.4276   4.0 1 1 NeI   10000
	        785.88 6304.76641  6304.7893   4.0 1 1 NeI    1000
	        837.65 6266.48308  6266.4952   4.0 1 1 NeI   10000
	        904.14 6217.28113  6217.2812   4.0 1 1 NeI   10000
	        976.69 6163.55235  6163.5937   4.0 1 1 NeI   10000
	       1004.37 6143.04401  6143.0627   4.0 1 1 NeI   10000
	       1067.63 6096.15702   6096.163   4.0 1 1 NeI    3000
	       1097.17 6074.25954  6074.3376   4.0 1 1 NeI   10000
	       1156.87 6029.99371  6029.9968   4.0 1 1 NeI   10000
	       1230.31 5975.52775  5975.5343   4.0 1 1 NeI    6000
	       1356.52 5881.93063   5881.895   4.0 1 1 NeI   10000
	       1396.12  5852.5663  5852.4878   4.0 1 1 NeI   20000
	       1479.51 5790.74981    5790.67   4.0 1 1 HgI     900
	       1925.93 5460.67751    5460.75   4.0 1 1 HgI    6000
	       2157.15 5290.72092    5290.74   4.0 1 1 HgI      30
	       2672.80 4916.09126   4916.068   4.0 1 1 HgI      20
	       3467.44 4358.31305   4358.335   4.0 1 1 HgI   12000
	       3483.33 4347.47938  4347.4945   4.0 1 1 HgI     150
	       3495.40 4339.25789  4339.2232   4.0 1 1 HgI      50
	       3886.12 4077.83466   4077.837   4.0 1 1 HgI    1000
	       3933.84 4046.56664   4046.565   4.0 1 1 HgI   12000
	function spline3
	order 4
	sample *
	naverage 1
	niterate 0
	low_reject 3.
	high_reject 3.
	grow 0.
	coefficients	11
		3.
		4.
		1.
		4064.
		1267.178265898724
		1147.469451294314
		1022.458439194286
		896.5664249737404
		773.5102894800778
		658.3340721236023
		555.2175166151799

