# Fri 17:21:43 04-Nov-2016
begin	identify arc_01.0001 - Ap 1
	id	arc_01.0001
	task	identify
	image	arc_01.0001 - Ap 1
	aperture	1
	aplow	1134.12
	aphigh	1148.12
	units	Angstroms
	features	31
	        881.49  881.49176   3888.646   4.0 1 1 HeI
	        962.49 962.491943   3964.727   4.0 1 1 HeI
	       1017.70 1017.70233   4026.189   4.0 1 1 HeI
	       1216.55 1216.55371   4471.477   4.0 1 1 HeI
	       1349.85 1349.84607   4713.143   4.0 1 1 HeI
	       1463.16 1463.15906   4921.929   4.0 1 1 HeI
	       1513.46 1513.45959   5015.675   4.0 1 1 HeI
	       1898.61 1898.60522   5764.418   4.0 1 1 NeI(13)
	       1952.23 1952.22607  5852.4878   4.0 1 1 NeI(6)
	       1999.69 1999.68567  5944.8342   4.0 1 1 NeI(1)
	       2043.39  2043.3927  6029.9971   4.0 1 1 NeI(3)
	       2066.06 2066.06201  6074.3377   4.0 1 1 NeI(3)
	       2198.57 2198.57007  6334.4279   4.0 1 1 NeI(1)
	       2232.95 2232.94824   6402.246   4.0 1 1 NeI(1)
	       2285.72 2285.71753  6506.5279   4.0 1 1 NeI(3)
	       2332.43 2332.43042  6598.9529   4.0 1 1 NeI(6)
	       2372.39 2372.38843     6678.2   4.0 1 1 blend HeI 6678.149 with NeI 6678.2764
	       2391.87 2391.86523  6717.0428   4.0 1 1 NeI
	       2498.58 2498.58423   6929.468   4.0 1 1 NeI(6)
	       2550.05 2550.04639  7032.4127   4.0 1 1 NeI(1)
	       2566.52 2566.52026   7065.188   4.0 1 1 HeI
	       2620.82 2620.81519   7173.939   4.0 1 1 NeI(6)
	       2656.40 2656.39868   7245.167   4.0 1 1 NeI(3)
	       2674.43 2674.42871   7281.349   4.0 1 1 HeI
	       2752.86 2752.86182   7438.899   4.0 1 1 NeI
	       2777.68 2777.68311   7488.872   4.0 1 1 NeI
	       3098.62 3098.61548   8082.458   4.0 1 1 NeI(6)
	       3179.61 3179.61108   8300.326   4.0 1 1 NeI(12)
	       3217.81  3217.8064   8377.607   4.0 1 1 NeI(12)
	       3275.92 3275.92163    8495.36   4.0 1 1 NeI(18)
	       3354.50 3354.49756   8654.383   4.0 1 1 NeI(33)

# Sat 16:59:23 05-Nov-2016
begin	identify arc_01.0001 - Ap 1
	id	arc_01.0001
	task	identify
	image	arc_01.0001 - Ap 1
	aperture	1
	aplow	1134.12
	aphigh	1148.12
	units	Angstroms
	features	46
	        881.49 3888.77723   3888.646   4.0 1 1 HeI
	        926.40 3964.62418   3964.727   4.0 1 1 HeI
	        962.49  4026.1161   4026.189   4.0 1 1 HeI
	       1216.55  4471.5458   4471.477   4.0 1 1 HeI
	       1349.85 4713.05561   4713.143   4.0 1 1 HeI
	       1463.16 4921.97115   4921.929   4.0 1 1 HeI
	       1513.46 5015.66342   5015.675   4.0 1 1 HeI
	       1717.41  5400.7155   5400.562   4.0 1 1 NeI(3)
	       1906.79 5764.44989   5764.418   4.0 1 1 NeI(13)
	       1952.23 5852.50213  5852.4878   4.0 1 1 NeI(6)
	       1999.69 5944.77649  5944.8342   4.0 1 1 NeI(1)
	       2043.39 6029.98811  6029.9971   4.0 1 1 NeI(3)
	       2066.06 6074.28972  6074.3377   4.0 1 1 NeI(3)
	       2077.23 6096.14303   6096.163   4.0 1 1 NeI
	       2101.19 6143.05252  6143.0623   4.0 1 1 NeI(1)
	       2111.63 6163.52373  6163.5939   4.0 1 1 NeI(5)
	       2139.01 6217.23357  6217.2813   4.0 1 1 NeI(1)
	       2164.07  6266.4885   6266.495   4.0 1 1 NeI(5)
	       2183.54  6304.7941  6304.7892   4.0 1 1 NeI
	       2198.57 6334.39784  6334.4279   4.0 1 1 NeI(1)
	       2223.24 6383.02836  6382.9914   4.0 1 1 NeI(3)
	       2232.95 6402.18857   6402.246   4.0 1 1 NeI(1)
	       2285.72 6506.47434  6506.5279   4.0 1 1 NeI(3)
	       2299.06 6532.87194  6532.8824   4.0 1 1 NeI
	       2332.43 6598.99786  6598.9529   4.0 1 1 NeI(6)
	       2372.39 6678.29697     6678.2   4.0 1 1 blend HeI 6678.149 with NeI 6678.2764
	       2391.87 6717.00653  6717.0428   4.0 1 1 NeI
	       2498.58 6929.55258   6929.468   4.0 1 1 NeI(6)
	       2550.05 7032.33501  7032.4127   4.0 1 1 NeI(1)
	       2566.52 7065.26249   7065.188   4.0 1 1 HeI
	       2620.82  7173.9331   7173.939   4.0 1 1 NeI(6)
	       2656.40 7245.22853   7245.167   4.0 1 1 NeI(3)
	       2674.43 7281.38511   7281.349   4.0 1 1 HeI
	       2752.86 7438.86683   7438.899   4.0 1 1 NeI
	       2777.68 7488.77047   7488.872   4.0 1 1 NeI
	       2801.18 7536.03367   7535.775   4.0 1 1 NeI
	       3071.88 8082.17458   8082.458   4.0 1 1 NeI(6)
	       3179.61  8300.1857   8300.326   4.0 1 1 NeI(12)
	       3217.81 8377.54325   8377.607   4.0 1 1 NeI(12)
	       3275.92 8495.29826    8495.36   4.0 1 1 NeI(18)
	       3344.74 8634.81932   8634.648   4.0 1 1 NeI(23)
	       3354.50 8654.59587   8654.383   4.0 1 1 NeI(33)
	       3452.87 8854.07024   8853.866   4.0 1 1 NeI(27)
	       3598.31 9148.40044    9148.68   4.0 1 1 NeI(30)
	       3735.95 9425.38353    9425.38   4.0 1 1 NeI(36)
	       3790.35 9534.21136   9534.167   4.0 1 1 NeI(38)
	function spline3
	order 5
	sample *
	naverage 1
	niterate 0
	low_reject 3.
	high_reject 3.
	grow 0.
	coefficients	12
		3.
		5.
		1.
		4192.000000000001
		0.
		419.2319723949785
		628.672235504685
		884.1397340763915
		1159.349452984521
		1441.978774056778
		1725.917302831917
		1973.892040276228

