# Sat 19:25:06 05-Nov-2016
begin	identify REF_ID_01.0001 - Ap 1
	id	REF_ID_01.0001
	task	identify
	image	REF_ID_01.0001 - Ap 1
	aperture	1
	aplow	299.18
	aphigh	313.18
	units	Angstroms
	features	36
	        103.48 103.476128  9224.4992   4.0 1 1 ArI
	        180.77 180.773895  9122.9674   4.0 1 1 ArI
	        574.21 574.210144  8591.2583   4.0 1 1 NeI
	        638.58 638.581787  8521.4422   4.0 1 1 ArI
	        712.32 712.317688  8424.6475   4.0 1 1 ArI
	        747.28 747.279419  8377.6065   4.0 1 1 NeI
	        834.28 834.279236  8264.5225   4.0 1 1 ArI
	        948.06 948.064392   8115.311   4.0 1 1 ArI
	       1024.75 1024.74951  8014.7857   4.0 1 1 ArI
	       1075.61 1075.61438  7948.1764   4.0 1 1 ArI
	       1314.86 1314.85815   7635.106   4.0 1 1 ArI
	       1507.25 1507.24902  7383.9805   4.0 1 1 ArI
	       1612.91 1612.90857  7245.1666   4.0 1 1 NeI
	       1667.65 1667.65051  7173.9381   4.0 1 1 NeI
	       1776.64 1776.64392  7032.4131   4.0 1 1 NeI
	       1856.05 1856.05237  6929.4673   4.0 1 1 NeI
	       2020.28 2020.28174   6717.043   4.0 1 1 NeI
	       2111.95 2111.94849  6598.9529   4.0 1 1 NeI
	       2163.27 2163.26636  6532.8822   4.0 1 1 NeI
	       2183.79 2183.78687  6506.5281   4.0 1 1 NeI
	       2265.03 2265.03223   6402.246   4.0 1 1 NeI
	       2317.97 2317.96826  6334.4278   4.0 1 1 NeI
	       2341.12 2341.12134   6304.789   4.0 1 1 NeI
	       2371.07 2371.06909   6266.495   4.0 1 1 NeI
	       2409.59 2409.59131  6217.2812   4.0 1 1 NeI
	       2467.83 2467.82568  6143.0626   4.0 1 1 NeI
	       2504.68   2504.677  6096.1631   4.0 1 1 NeI
	       2521.85 2521.84619  6074.3377   4.0 1 1 NeI
	       2599.73 2599.72778   5975.534   4.0 1 1 NeI
	       2623.93 2623.92554  5944.8342   4.0 1 1 NeI
	       2696.97 2696.96948  5852.4878   4.0 1 1 NeI
	       3051.91 3051.90771  5400.5617   4.0 1 1 NeI
	       3363.94 3363.93896  5015.6779   4.0 1 1 HeI
	       3449.40 3449.40137   4921.931   4.0 1 1 HeI
	       3623.78 3623.77979  4713.1455   4.0 1 1 HeI (also 4713.376 at 1/7 intensity of 4713.1455)
	       3829.52 3829.52173   4471.479   4.0 1 1 HeI (also 4471.682 HeI at 0.1 intensity of 4471.479)

# Sat 19:31:12 05-Nov-2016
begin	identify REF_ID_01.0001 - Ap 1
	id	REF_ID_01.0001
	task	identify
	image	REF_ID_01.0001 - Ap 1
	aperture	1
	aplow	299.18
	aphigh	313.18
	units	Angstroms
	features	28
	        103.48 9224.49956  9224.4992   4.0 1 1 ArI
	        180.77 9122.96678  9122.9674   4.0 1 1 ArI
	        551.61 8634.65974   8634.647   4.0 1 1 NeI
	        584.62 8591.24415  8591.2583   4.0 1 1 NeI
	       1031.29 8006.14441  8006.1567   4.0 1 1 ArI
	       1075.61 7948.19967  7948.1764   4.0 1 1 ArI
	       1407.07 7514.63935  7514.6518   4.0 1 1 ArI
	       1415.33 7503.84365  7503.8691   4.0 1 1 ArI
	       1585.60 7281.38052   7281.349   4.0 1 1 HeI
	       1856.05 6929.50462  6929.4673   4.0 1 1 NeI
	       2020.31 6717.01509   6717.043   4.0 1 1 NeI
	       2163.27  6532.8611  6532.8822   4.0 1 1 NeI
	       2183.79 6506.48904  6506.5281   4.0 1 1 NeI
	       2265.03 6402.23163   6402.246   4.0 1 1 NeI
	       2280.05 6382.98393  6382.9917   4.0 1 1 NeI
	       2317.97 6334.42937  6334.4278   4.0 1 1 NeI
	       2341.12 6304.80869   6304.789   4.0 1 1 NeI
	       2371.07 6266.52473   6266.495   4.0 1 1 NeI
	       2451.71 6163.61626  6163.5939   4.0 1 1 NeI
	       2467.83  6143.0829  6143.0626   4.0 1 1 NeI
	       2504.68 6096.17387  6096.1631   4.0 1 1 NeI
	       2521.85 6074.33984  6074.3377   4.0 1 1 NeI
	       2623.93 5944.81831  5944.8342   4.0 1 1 NeI
	       2696.97 5852.46579  5852.4878   4.0 1 1 NeI
	       3371.91 5015.67457  5015.6779   4.0 1 1 HeI
	       3449.40 4921.93771   4921.931   4.0 1 1 HeI
	       3623.78 4713.14333  4713.1455   4.0 1 1 HeI (also 4713.376 at 1/7 intensity of 4713.1455)
	       3829.52  4471.4791   4471.479   4.0 1 1 HeI (also 4471.682 HeI at 0.1 intensity of 4471.479)
	function spline3
	order 7
	sample *
	naverage 1
	niterate 0
	low_reject 3.
	high_reject 3.
	grow 0.
	coefficients	14
		3.
		7.
		1.
		4096.
		1686.199906556059
		1560.310053364976
		1431.28466881956
		1303.984919565428
		1176.237958772529
		1050.469432705713
		926.847870270627
		807.0382661777713
		692.8256678636609
		590.0022779187596

